1 1
1 5
1 6
1 7
1 9
1 11
1 13
1 14
1 17
1 19
1 23
1 25
1 26
1 28
1 31
1 34
1 35
1 39
1 43
1 47
1 50
1 51
1 57
1 59
1 61
1 62
2 5
2 7
2 15
2 17
2 23
2 33
2 51
2 59
2 63
3 1
3 2
3 7
3 8
3 9
3 13
3 25
3 30
3 42
3 49
3 53
3 58
3 61
4 2
4 7
4 34
4 51
4 53
5 4
5 10
5 19
5 20
5 24
5 25
5 26
5 27
5 33
5 35
5 36
5 37
5 41
5 43
5 44
5 48
5 49
5 57
5 58
6 2
6 3
6 22
6 33
6 36
6 43
6 49
6 50
6 51
6 57
6 61
6 63
7 35
7 41
7 57
8 10
8 17
8 49
8 57
9 1
9 17
9 24
9 35
9 37
9 39
9 41
9 46
9 55
9 57
9 58
10 1
10 5
10 17
10 18
10 31
10 33
10 34
10 53
10 55
11 2
11 3
11 8
11 10
11 18
11 23
11 33
11 37
11 49
11 50
11 51
12 1
12 5
12 17
12 21
12 37
12 49
12 53
12 54
13 2
13 4
13 17
13 51
13 54
14 4
14 11
14 17
14 19
14 63
15 1
15 10
15 17
15 18
15 21
15 22
15 26
15 27
15 49
15 50
15 61
16 25
17 2
17 3
17 8
17 9
17 10
17 24
17 27
17 36
17 38
17 41
17 46
17 61
18 1
18 5
18 12
18 13
18 17
18 35
18 43
18 57
19 1
19 2
19 9
19 10
19 13
19 33
19 38
19 44
19 46
19 50
20 1
20 9
20 46
21 8
21 10
21 34
21 36
21 41
21 48
21 60
22 35
22 57
23 4
23 19
23 30
23 33
23 42
25 1
25 5
25 23
25 33
25 47
26 2
26 4
26 5
26 17
26 21
26 35
26 63
27 1
27 6
27 9
27 53
27 55
28 3
28 5
28 9
28 33
28 38
28 43
28 45
29 2
29 8
29 40
30 7
30 33
30 49
31 1
31 5
31 17
31 33
31 39
31 40
32 9
32 33
33 4
33 7
33 15
33 17
33 19
33 21
33 23
33 26
33 30
33 35
34 8
34 9
34 25
34 31
34 33
34 41
34 51
35 6
35 9
35 10
35 11
35 17
35 18
35 26
35 37
35 43
35 46
35 57
36 9
37 1
37 10
37 15
37 18
37 20
37 31
37 36
37 42
38 1
38 12
38 21
38 41
38 44
39 10
39 18
39 26
40 1
40 9
40 15
41 4
41 6
41 12
41 13
41 19
41 20
41 21
42 1
42 5
42 7
42 9
42 23
43 1
43 7
43 19
43 22
44 1
44 18
44 21
45 3
45 12
45 17
45 18
46 1
46 8
46 11
46 19
46 41
46 49
47 2
47 19
47 49
48 1
48 27
49 3
49 10
49 12
49 13
49 14
49 16
49 22
49 31
49 45
50 15
50 31
51 1
51 5
51 12
51 13
53 1
53 10
53 32
53 41
54 3
54 10
54 15
54 25
54 51
55 9
55 10
55 41
56 1
56 4
57 5
57 7
58 3
58 5
58 17
59 4
59 26
60 13
61 12
61 28
62 5
63 2
63 9
63 34
64 9
