1 2
1 3
1 5
1 9
1 12
1 14
1 15
1 17
1 18
1 20
1 23
1 24
1 37
1 43
1 44
1 45
1 48
1 50
1 51
1 52
2 5
2 7
2 9
2 15
2 16
2 17
2 18
2 19
2 21
2 29
2 31
2 33
2 35
2 37
2 39
2 49
2 51
2 57
2 63
3 1
3 2
3 10
3 24
3 25
3 26
3 28
3 42
3 45
3 50
3 54
3 60
4 3
4 5
4 9
4 11
4 25
4 29
5 4
5 5
5 9
5 11
5 18
5 25
5 27
5 33
5 34
5 35
5 37
5 38
5 52
5 59
5 60
6 2
6 3
6 11
6 17
6 20
6 25
6 28
6 31
6 34
6 37
6 41
6 49
7 2
7 17
7 20
7 43
8 5
8 9
8 18
8 33
8 49
8 57
9 1
9 2
9 3
9 5
9 23
9 33
9 54
9 56
10 3
10 5
10 7
10 11
10 18
10 19
10 33
10 36
10 38
10 43
10 49
10 51
11 1
11 5
11 10
11 25
11 33
11 54
11 55
12 25
13 1
13 33
13 34
13 35
13 36
13 42
13 60
14 3
14 23
14 33
14 35
14 41
14 43
14 55
15 5
15 17
15 21
16 17
16 27
16 34
17 1
17 3
17 4
17 5
17 7
17 8
17 17
17 26
17 34
17 36
17 37
17 41
17 43
17 47
17 55
18 11
18 27
18 33
18 41
18 49
19 1
19 2
19 3
19 9
19 10
19 13
19 16
19 26
19 37
19 48
19 54
20 3
20 17
20 51
21 12
21 13
21 28
21 41
21 42
22 5
22 9
22 11
22 15
22 19
22 25
22 47
23 2
23 9
23 25
23 33
23 41
23 43
24 20
25 1
25 2
25 33
25 35
25 38
25 42
25 46
25 47
25 55
26 2
26 7
26 11
26 21
26 37
27 5
27 21
27 33
27 34
27 37
28 1
28 7
28 34
29 4
30 12
31 41
31 49
33 1
33 2
33 3
33 5
33 8
33 9
33 11
33 17
33 22
33 23
33 24
33 26
33 27
33 30
33 37
33 43
33 51
34 1
34 3
34 9
34 11
34 19
34 25
34 26
35 1
35 5
35 10
35 16
35 17
35 18
35 25
35 35
35 57
36 1
36 17
36 46
36 53
37 1
37 2
37 11
37 19
37 24
37 26
37 61
38 2
38 3
38 9
38 17
38 20
38 25
38 27
38 31
39 1
39 2
39 10
39 34
39 60
40 9
40 26
41 2
41 3
41 8
41 20
41 35
41 39
42 5
42 6
42 7
42 17
42 19
43 2
43 5
43 18
43 23
43 50
44 13
44 21
45 2
45 17
45 25
46 3
46 17
47 1
47 2
47 13
47 21
47 26
47 58
48 1
48 2
48 11
48 17
48 25
49 1
49 2
49 7
49 13
49 35
50 5
50 10
50 15
50 27
50 29
50 45
51 5
51 7
51 20
51 33
51 36
51 51
52 5
52 9
53 9
53 61
54 1
54 2
54 5
54 17
55 4
55 6
55 14
55 35
57 1
57 17
57 18
57 26
57 29
57 34
58 40
59 29
60 1
60 7
60 17
61 10
61 12
61 17
61 19
62 18
62 46
63 2
63 10
63 36
